model=[[14,46,62,2,5,7],
[29,45,88,4,4,5],
[29,45,70,4,4,13],
[29,45,70,4,4,13],
[15,48,88,3,5,5],
[15,48,88,3,5,5],
[15,48,88,3,5,5],
[15,48,88,3,5,5],
[15,48,88,3,5,5],
[15,48,88,3,5,5],
[15,48,88,3,5,5],
[33,47,73,4,8,20],
[33,47,73,4,8,20],
[35,36,75,4,6,19],
[35,36,75,4,6,19],
[35,36,75,4,6,19],
[35,36,75,4,6,19],
[35,36,75,4,6,19],
[35,36,75,4,6,19],
[35,36,75,4,6,19],
[35,36,75,4,6,19],
[35,36,75,4,6,19],
[40,44,84,5,13,20],
[44,36,84,4,8,18],
[44,36,84,4,8,18],
[44,36,84,4,8,18],
[44,36,84,4,8,18],
[44,36,84,4,8,18],
[44,36,84,4,8,18],
[45,37,85,4,10,20],
[45,37,85,4,10,20],
[45,37,85,4,10,20],
[45,37,85,4,10,20],
[45,37,85,4,10,20],
[45,37,85,4,10,20],
[45,37,85,4,10,20],
[45,37,85,4,10,20],
[45,37,85,4,10,20],
[45,37,85,4,10,20],
[45,37,85,4,10,20],
[45,37,85,4,10,20],
[45,37,85,4,10,20],
[54,44,87,8,14,20],
[54,41,92,6,16,20],
[60,46,87,4,15,20],
[58,41,97,6,14,20],
[58,41,97,6,14,20],
[58,41,97,6,14,20],
[60,47,92,5,14,16],
[60,47,92,5,14,16]]


accuracy=[98.85415434837341,
98.93903136253357,
99.36341643333435,
99.4482934474945,
99.58975911140442,
99.33512806892395,
99.00975823402405,
99.36341643333435,
99.20780658721924,
99.40585494041443,
99.53317046165466,
99.22195672988892,
99.22195672988892,
99.4200050830841,
99.25024509429932,
99.20780658721924,
99.49073195457458,
99.17951822280884,
98.96731972694397,
99.13707971572876,
99.10878539085388,
99.15122389793396,
99.17951822280884,
99.46244359016418,
99.17951822280884,
99.37756657600403,
99.4200050830841,
99.25024509429932,
99.25024509429932,
99.54732060432434,
99.0663468837738,
99.0663468837738,
99.46244359016418,
98.86829853057861,
99.53317046165466,
98.93903136253357,
99.25024509429932,
99.080491065979,
99.46244359016418,
99.15122389793396,
99.20780658721924,
99.19366240501404,
98.75512719154358,
99.10878539085388,
99.34927225112915,
99.36341643333435,
99.19366240501404,
99.33512806892395,
99.40585494041443,
99.34927225112915]