model = [array([29, 45, 75,  4,  4,  5]),
 array([29, 45, 75,  4,  4,  5]),
 array([29, 45, 75,  4,  4,  5]),
 array([29, 45, 75,  4,  4,  5]),
 array([29, 45, 75,  4,  4,  5]),
 array([29, 45, 75,  4,  4,  5]),
 array([29, 45, 75,  4,  4,  5]),
 array([29, 45, 77,  5,  4,  8]),
 array([18, 46, 86,  5,  7, 10]),
 array([18, 46, 86,  5,  7, 10]),
 array([18, 46, 86,  5,  7, 10]),
array([29, 45, 93,  6,  4, 10]),
 array([29, 45, 91,  4,  4, 12]),
 array([29, 45, 91,  4,  4, 12]),
 array([29, 45, 91,  4,  4, 12]),
 array([29, 45, 91,  4,  4, 12]),
 array([29, 45, 91,  4,  4, 12]),
 array([29, 45, 91,  4,  4, 12]),
 array([29, 45, 91,  4,  4, 12]),
 array([29, 45, 91,  4,  4, 12]),
 array([29, 45, 91,  4,  4, 12]),
 array([35, 45, 94,  6,  5, 14]),
array([43, 45, 93,  5,  5, 17]),
 array([43, 45, 93,  5,  5, 17]),
 array([43, 45, 93,  5,  5, 17]),
 array([43, 45, 93,  5,  5, 17]),
 array([35, 45, 86,  5,  4, 11]),
 array([35, 45, 86,  5,  4, 11]),
 array([43, 45, 93,  5,  5, 17]),
 array([43, 45, 93,  5,  5, 17]),
 array([43, 45, 93,  5,  5, 17]),
 array([43, 45, 93,  5,  5, 17]),
 array([43, 45, 93,  5,  5, 17]),
array([45, 46, 91,  6,  5, 17]),
 array([45, 46, 91,  6,  5, 17]),
 array([45, 46, 91,  6,  5, 17]),
 array([47, 49, 91,  5,  5, 20]),
 array([47, 49, 91,  5,  5, 20]),
 array([47, 49, 91,  5,  5, 20]),
 array([47, 49, 91,  5,  5, 20]),
 array([47, 49, 91,  5,  5, 20]),
 array([47, 49, 91,  5,  5, 20]),
 array([47, 49, 91,  5,  5, 20]),
 array([47, 49, 91,  5,  5, 20]),
 array([47, 49, 91,  5,  5, 20]),
 array([47, 49, 91,  5,  5, 20]),
 array([47, 49, 96,  5,  5, 19]),
 array([47, 49, 96,  5,  5, 19]),
 array([47, 49, 96,  5,  5, 19]),
 array([47, 49, 96,  5,  5, 19]),
 array([47, 49, 96,  5,  5, 19]),
 array([47, 49, 96,  5,  5, 19])]


accuracy = [99.32097792625427,
 99.17951822280884,
 99.19366240501404,
 99.23610091209412,
 99.0522027015686,
 99.264395236969,
 99.20780658721924,
 99.36341643333435,
 99.58975911140442,
 99.4341492652893,
 99.4341492652893,
99.264395236969,
 99.51902627944946,
 99.264395236969,
 99.49073195457458,
 99.46244359016418,
 99.32097792625427,
 99.15122389793396,
 99.34927225112915,
 99.25024509429932,
 99.4482934474945,
 99.56146478652954,
99.60390329360962,
 99.56146478652954,
 99.57560896873474,
 99.57560896873474,
 99.6463418006897,
 99.60390329360962,
 99.73121881484985,
 99.4200050830841,
 99.51902627944946,
 99.4341492652893,
 99.6180534362793,
99.50488209724426,
 99.17951822280884,
 99.4482934474945,
 99.6321976184845,
 99.32097792625427,
 99.34927225112915,
 99.67463612556458,
 99.47658777236938,
 99.66049194335938,
 99.49073195457458,
 99.39171075820923,
 99.264395236969,
 99.47658777236938,
 99.80195164680481,
 99.39171075820923,
 99.46244359016418,
 99.56146478652954,
 99.67463612556458,
 99.37756657600403]



