model=[[29,45,75,4,4,5],
        [29,45,75,4,4,5],
        [29,45,75,4,4,5],
        [29,45,75,4,4,5],
        [29,45,75,4,4,5],
        [32,49,75,5,4,5],
        [32,49,75,5,4,5],
        [32,49,75,5,4,5],
        [32,49,75,5,4,5],
        [38,47,79,4,5,13],
        [37,47,77,4,4,11],
        [41,47,82,4,4,16],
        [40,47,79,4,4,13],
        [40,47,79,4,4,13],
        [40,47,79,4,4,13],
        [32,56,80,4,4,18],
        [32,56,80,4,4,18],
        [32,56,80,4,4,18],
        [32,56,80,4,4,18],
        [35,59,80,4,7,17],
        [35,59,80,4,7,17],
        [37,59,80,4,7,15],
        [38,61,83,4,9,18],
        [38,61,83,4,9,18],
        [38,61,83,4,9,18],
        [38,61,83,4,9,18],
        [38,61,97,4,9,18],
        [38,61,97,4,9,18],
        [38,61,97,4,9,18],
        [38,61,98,4,9,16],
        [38,61,98,4,9,16],
        [38,61,98,4,9,16],
        [44,65,83,11,9,20],
        [44,65,83,11,9,20],
        [44,65,83,11,9,20],
        [44,65,83,11,9,20],
        [44,65,83,11,9,20],
        [44,65,83,11,9,20],
        [44,65,83,11,9,20],
        [44,65,83,11,9,20],
        [44,65,83,11,9,20],
        [44,65,83,11,9,20],
        [41,66,97,7,10,19],
        [41,66,97,7,10,19],
        [41,66,97,7,10,19],
        [43,73,100,14,17,19],
        [43,73,100,14,17,19],
        [43,73,100,14,17,19],
        [43,73,100,14,17,19],
        [43,73,100,14,17,19],
        [43,73,100,14,17,19],
        [43,73,100,14,17,19],
        [43,73,100,14,17,19]]