model = [array([29, 45, 75,  4,  4,  5]),
 array([29, 45, 75,  4,  4,  5]),
 array([29, 45, 75,  4,  4,  5]),
 array([29, 45, 75,  4,  4,  5]),
 array([29, 45, 75,  4,  4,  5]),
 array([32, 49, 75,  5,  4,  5]),
 array([32, 49, 75,  5,  4,  5]),
 array([32, 49, 75,  5,  4,  5]),
 array([32, 49, 75,  5,  4,  5]),
 array([38, 47, 79,  4,  5, 13]),
array([37, 47, 77,  4,  4, 11]),
 array([41, 47, 82,  4,  4, 16]),
 array([40, 47, 79,  4,  4, 13]),
 array([40, 47, 79,  4,  4, 13]),
 array([40, 47, 79,  4,  4, 13]),
 array([32, 56, 80,  4,  4, 18]),
 array([32, 56, 80,  4,  4, 18]),
 array([32, 56, 80,  4,  4, 18]),
 array([32, 56, 80,  4,  4, 18]),
 array([35, 59, 80,  4,  7, 17]),
 array([35, 59, 80,  4,  7, 17]),
array([37, 59, 80,  4,  7, 15]),
 array([38, 61, 83,  4,  9, 18]),
 array([38, 61, 83,  4,  9, 18]),
 array([38, 61, 83,  4,  9, 18]),
 array([38, 61, 83,  4,  9, 18]),
 array([38, 61, 97,  4,  9, 18]),
 array([38, 61, 97,  4,  9, 18]),
 array([38, 61, 97,  4,  9, 18]),
 array([38, 61, 98,  4,  9, 16]),
 array([38, 61, 98,  4,  9, 16]),
 array([38, 61, 98,  4,  9, 16]),
array([44, 65, 83, 11,  9, 20]),
 array([44, 65, 83, 11,  9, 20]),
 array([44, 65, 83, 11,  9, 20]),
 array([44, 65, 83, 11,  9, 20]),
 array([44, 65, 83, 11,  9, 20]),
 array([44, 65, 83, 11,  9, 20]),
 array([44, 65, 83, 11,  9, 20]),
 array([44, 65, 83, 11,  9, 20]),
 array([44, 65, 83, 11,  9, 20]),
 array([44, 65, 83, 11,  9, 20]),
 array([41, 66, 97,  7, 10, 19]),
 array([41, 66, 97,  7, 10, 19]),
 array([41, 66, 97,  7, 10, 19]),
 array([ 43,  73, 100,  14,  17,  19]),
 array([ 43,  73, 100,  14,  17,  19]),
 array([ 43,  73, 100,  14,  17,  19]),
 array([ 43,  73, 100,  14,  17,  19]),
 array([ 43,  73, 100,  14,  17,  19]),
 array([ 43,  73, 100,  14,  17,  19]),
 array([ 43,  73, 100,  14,  17,  19]),
 array([ 43,  73, 100,  14,  17,  19])]


accuracy = [99.0522027015686,
 99.02390837669373,
 98.99561405181885,
 98.78342151641846,
 98.91073703765869,
 99.09464120864868,
 99.0663468837738,
 98.7268328666687,
 98.88244271278381,
 99.30683374404907,
99.32097792625427,
 99.33512806892395,
 99.50488209724426,
 99.32097792625427,
 99.39171075820923,
 99.51902627944946,
 99.50488209724426,
 99.19366240501404,
 99.33512806892395,
 99.66049194335938,
 99.6463418006897,
99.4482934474945,
 99.56146478652954,
 99.56146478652954,
 99.16536808013916,
 99.19366240501404,
 99.66049194335938,
 99.080491065979,
 99.22195672988892,
 99.67463612556458,
 99.20780658721924,
 99.33512806892395,
99.4341492652893,
 99.32097792625427,
 99.4341492652893,
 99.19366240501404,
 99.32097792625427,
 99.30683374404907,
 99.40585494041443,
 99.4200050830841,
 99.0663468837738,
 99.12292957305908,
 99.50488209724426,
 99.4341492652893,
 99.32097792625427,
 99.81609582901001,
 99.15122389793396,
 99.58975911140442,
 99.68878030776978,
 99.20780658721924,
 99.47658777236938,
 99.54732060432434,
 99.60390329360962]